205239
G0166A2420
95
205239
0005002310
91
205239
G0003A2630
88
205239
G0004A2630
77
205239
G0065C2410
100
205239
G0157A2420
97
205239
G0160A2420
99
205239
G0163A2420
92
205239
G0174B2830
93
205238
G0166A2420
85
205238
0005002310
90
205238
G0003A2630
60
205238
G0004A2630
79
205238
G0065C2410
90
205238
G0157A2420
91
205238
G0160A2420
93
205238
G0163A2420
89
205238
G0174B2830
90
205240
G0166A2420
81
205240
0005002310
93
205240
G0003A2630
88
205240
G0004A2630
78
205240
G0065C2410
92
205240
G0157A2420
88
205240
G0160A2420
93
205240
G0163A2420
89
205240
G0174B2830
87
